1.468700000000000000e+05 3.936683984375000000e+04 1.084707910156250000e+04 7.305002929687500000e+03 7.033057617187500000e+03 5.884280273437500000e+03 1.168065917968750000e+03 1.977072906494140625e+02 5.119811401367187500e+02 3.748054687500000000e+03 5.266135692596435547e+00 0.000000000000000000e+00
1.935500000000000000e+05 3.143712812500000000e+05 5.024155078125000000e+04 3.397188281250000000e+04 3.179461523437500000e+04 2.903463671875000000e+04 2.369756640625000000e+04 2.347568164062500000e+04 2.209294335937500000e+04 1.962660351562500000e+04 1.941698242187500000e+04 9.945367813110351562e+00
1.936900000000000000e+05 2.880195507812500000e+04 4.823557617187500000e+03 4.489222656250000000e+03 2.713195800781250000e+03 3.491866455078125000e+03 5.134056472778320312e+01 4.332375976562500000e+03 2.339495117187500000e+03 3.650239562988281250e+02 1.799668579101562500e+03 2.356395125389099121e-01
1.938700000000000000e+05 5.962760156250000000e+04 9.983484375000000000e+03 8.158318359375000000e+03 6.696072753906250000e+03 5.110666503906250000e+03 1.874471679687500000e+03 8.881749023437500000e+03 8.373131835937500000e+03 3.404445312500000000e+03 3.968378417968750000e+03 0.000000000000000000e+00
1.956900000000000000e+05 0.000000000000000000e+00 1.777527779340744019e-01 2.465547943115234375e+01 6.972140073776245117e-01 4.759011417627334595e-02 1.498831909179687500e+03 3.420987109375000000e+04 2.110078320312500000e+04 1.347103515625000000e+04 1.117340722656250000e+04 0.000000000000000000e+00
1.959000000000000000e+05 5.343707656860351562e+01 1.191157836914062500e+02 0.000000000000000000e+00 0.000000000000000000e+00 1.140671849250793457e+00 2.420679101562500000e+04 4.350457500000000000e+05 2.775003750000000000e+05 2.117513750000000000e+05 1.149806953125000000e+05 6.522324371337890625e+01
1.960700000000000000e+05 3.035492324829101562e+01 4.457333683967590332e-02 2.537238359451293945e+00 2.530135631561279297e+00 3.686092376708984375e+01 1.061628515625000000e+04 2.768814062500000000e+05 1.754007187500000000e+05 1.339054843750000000e+05 6.782847656250000000e+04 4.476616210937500000e+02
1.962300000000000000e+05 8.609777688980102539e-02 6.013299465179443359e+00 9.392144775390625000e+01 1.256625750102102757e-03 2.080346870422363281e+01 5.283791992187500000e+03 1.441757656250000000e+05 9.007244531250000000e+04 6.406167968750000000e+04 3.763581640625000000e+04 6.506198883056640625e+01
1.963700000000000000e+05 0.000000000000000000e+00 4.297064989805221558e-02 0.000000000000000000e+00 8.908678591251373291e-02 4.824067687988281250e+01 3.630912353515625000e+03 5.772305859375000000e+04 3.634260156250000000e+04 2.954136132812500000e+04 1.649373632812500000e+04 0.000000000000000000e+00
1.965200000000000000e+05 1.799997389316558838e-01 0.000000000000000000e+00 3.466449737548828125e+01 5.039176903665065765e-03 2.169928932189941406e+01 3.494072753906250000e+03 8.425858593750000000e+04 6.982128125000000000e+04 4.767107812500000000e+04 2.320932031250000000e+04 6.936261057853698730e-01
1.966800000000000000e+05 1.219595214843750000e+03 2.744282037019729614e-02 6.174799799919128418e-01 4.601715505123138428e-01 3.468618690967559814e-01 4.068497558593750000e+03 2.342272656250000000e+04 1.573084960937500000e+04 1.168929394531250000e+04 5.773740722656250000e+03 3.658333969116210938e+01
1.968100000000000000e+05 5.948141098022460938e+00 5.762697458267211914e-01 1.205619215965270996e+00 2.279422760009765625e+00 3.638669252395629883e-01 8.320868164062500000e+03 8.792771875000000000e+04 6.257650781250000000e+04 4.171702734375000000e+04 2.323407031250000000e+04 3.991998732089996338e-02
1.969600000000000000e+05 7.421323776245117188e+00 6.668794155120849609e-02 1.357401460409164429e-01 2.135623168945312500e+01 6.694807434082031250e+01 2.498770507812500000e+03 4.859251953125000000e+04 3.659950390625000000e+04 2.036453710937500000e+04 1.337830761718750000e+04 2.247905349731445312e+01
