2.208589 0.2112786 -0.02441997 -0.0006343839 0.002016066
0.005495027 0.001285185 -0.001325565 -0.0008797302 -0.000196412
-1.560053e-05 3.744006 0.4183004 -0.04794453 -0.001000026
0.004210327 0.0105332 0.002264765 -0.002621364 -0.001681944
-0.0003696205 -2.899351e-05 4.892592 0.6219597 -0.07070244
-0.002380979 0.006196716 0.01634183 0.00356749 -0.004122134
-0.002643899 -0.0005789118 -4.51076e-05 5.770967 0.8226066
-0.09271155 -0.004401391 0.007844964 0.02253934 0.005133147
-0.005710241 -0.003703212 -0.0008127915 -6.322054e-05 6.442674
1.020433 -0.1141423 -0.006434395 0.009368097 0.02856227
0.006676878 -0.007266445 -0.004751909 -0.001046698 -8.153522e-05
6.947683 1.215558 -0.135294 -0.007826373 0.01129374
0.0338292 0.007706102 -0.008709458 -0.005638529 -0.001237751
-9.626565e-05 7.3134 1.408279 -0.1561575 -0.00890426
0.01350179 0.03860877 0.008356683 -0.01008709 -0.00640417
-0.001394282 -0.0001079386 7.559776 1.598886 -0.1765125
-0.01024425 0.01550467 0.04336702 0.009043562 -0.01145214
-0.007160141 -0.001546724 -0.0001191194 7.702003 1.787504
-0.196164 -0.01205955 0.01694841 0.04824716 0.01002528
-0.01279431 -0.007965086 -0.001714358 -0.0001316043 7.752066
1.974094 -0.2150617 -0.01414241 0.017831 0.05303407
0.01125812 -0.01405666 -0.008794543 -0.001894357 -0.0001453552
7.719679 2.158551 -0.2332461 -0.01620334 0.01835152
0.05746261 0.01255704 -0.01519439 -0.009595144 -0.002074104
-0.0001594212 7.612892 2.34078 -0.2507617 -0.01810689
0.01869989 0.06143125 0.01376849 -0.01620545 -0.01033275
-0.002243626 -0.0001729503 7.438493 2.520727 -0.2676172
-0.01990204 0.01893796 0.06503267 0.01485117 -0.01712648
-0.01100978 -0.002401185 -0.0001856966 7.202283 2.698374
-0.2838079 -0.0217042 0.01901125 0.06844886 0.01585262
-0.01800864 -0.01165338 -0.002551429 -0.0001979288 6.909276
2.873738 -0.2993628 -0.02357964 0.01882353 0.07184052
0.01684977 -0.01889689 -0.01229675 -0.002701294 -0.0002101326
6.563833 3.04688 -0.3143795 -0.02549963 0.01831202
0.07529085 0.01789872 -0.0198215 -0.01296592 -0.002856674
-0.000222748 6.169762 3.217926 -0.3290267 -0.0273683
0.01748539 0.07881195 0.01901536 -0.02080069 -0.01367616
-0.003021203 -0.0002360592 5.730387 3.387067 -0.3435182
-0.02908115 0.01642286 0.08238201 0.02018045 -0.02184763
-0.01443452 -0.003196539 -0.0002502009 5.248609 3.554559
-0.3580738 -0.03057576 0.01524868 0.08598348 0.02135643
-0.02297639 -0.01524447 -0.00338328 -0.000265219 5.527645
3.809832 -0.36617 0.3146636 0.08936896 -0.2160399
-0.118243 0.0355698 0.03794016 0.009274897 0.0007422997
