2.16138 0.2119638 -0.02560032 -0.00250389 0.002393969
0.007539036 0.002637875 -0.0009494863 -0.0008385226 -0.0001967709
-1.587368e-05 3.656505 0.4188334 -0.04904063 -0.006900711
0.003111783 0.01606645 0.006268247 -0.002075453 -0.001980087
-0.0004764224 -3.881855e-05 4.770876 0.6214718 -0.07072656
-0.01316472 0.002235532 0.02579111 0.01100254 -0.003420016
-0.003484489 -0.0008579137 -7.079665e-05 5.620523 0.8200281
-0.09145184 -0.01925739 0.001257398 0.03502202 0.01540526
-0.004774806 -0.004917889 -0.001213065 -9.989878e-05 6.268429
1.015149 -0.1110574 -0.02572483 -0.000501783 0.04426449
0.020077 -0.006153747 -0.006436469 -0.001593535 -0.0001312406
6.754182 1.206805 -0.130518 -0.03077983 -0.001169108
0.05207211 0.02347734 -0.007441001 -0.007625172 -0.001873544
-0.0001532949 7.104755 1.395722 -0.1494108 -0.03594215
-0.001859274 0.05976541 0.02663389 -0.008809165 -0.008775995
-0.002131482 -0.0001726532 7.339698 1.582305 -0.1670699
-0.04179254 -0.004056515 0.06778263 0.030615 -0.01016017
-0.01012712 -0.002454925 -0.0001981734 7.473943 1.766273
-0.1844061 -0.04626087 -0.005998655 0.0743901 0.03395645
-0.01127036 -0.01127431 -0.002735982 -0.0002209103 7.519173
1.947655 -0.2023389 -0.04848547 -0.005976376 0.07891501
0.03546164 -0.01216849 -0.01193969 -0.002884132 -0.0002323956
7.484675 2.126947 -0.220667 -0.04962721 -0.004531589
0.08235954 0.03569741 -0.01302413 -0.01230037 -0.002940827
-0.0002357589 7.378026 2.304555 -0.2389433 -0.05065389
-0.002647735 0.08553266 0.03545502 -0.01390862 -0.01256209
-0.002965203 -0.0002361694 7.205551 2.480769 -0.256957
-0.05209597 -0.0007997761 0.08888144 0.03510903 -0.01486821
-0.01282233 -0.002984221 -0.0002359444 6.972556 2.65596
-0.2742581 -0.05488927 0.0001266646 0.09321651 0.0353073
-0.0160075 -0.01324621 -0.003039485 -0.0002383866 6.683543
2.830429 -0.2900927 -0.05983385 -0.00132217 0.09926067
0.03698917 -0.01736838 -0.01404206 -0.003189396 -0.0002483978
6.342428 3.004125 -0.3040748 -0.06634158 -0.006000167
0.1065952 0.04053465 -0.01879125 -0.01524255 -0.003453962
-0.000268101 5.952692 3.176653 -0.3167246 -0.0722476
-0.01327259 0.1134881 0.04527731 -0.01994774 -0.01661478
-0.003786305 -0.0002943061 5.517448 3.347584 -0.329429
-0.07480877 -0.02113792 0.1176967 0.04977895 -0.02050181
-0.01776993 -0.004094794 -0.0003200302 5.039445 3.516847
-0.3439248 -0.07220363 -0.02708402 0.117671 0.05254533
-0.02029812 -0.01836874 -0.004291416 -0.0003382003 5.335325
3.810262 -0.4667271 0.2067944 0.1729549 -0.1073501
-0.1101665 0.009801181 0.02623616 0.007244866 0.0006132347
