1.300000000000000000e+05 0.000000000000000000e+00
1.400000000000000000e+05 0.000000000000000000e+00
1.500000000000000000e+05 3.093624392013337096e-02
1.600000000000000000e+05 1.023970894131999571e-01
1.700000000000000000e+05 0.000000000000000000e+00
1.800000000000000000e+05 0.000000000000000000e+00
1.900000000000000000e+05 0.000000000000000000e+00
2.000000000000000000e+05 0.000000000000000000e+00
2.100000000000000000e+05 0.000000000000000000e+00
2.200000000000000000e+05 0.000000000000000000e+00
2.300000000000000000e+05 0.000000000000000000e+00
2.400000000000000000e+05 0.000000000000000000e+00
2.500000000000000000e+05 8.930977129258679814e-02
2.600000000000000000e+05 1.905911295664271532e-01
2.700000000000000000e+05 3.997357588223333091e-01
2.800000000000000000e+05 3.745590783141801716e-01
2.900000000000000000e+05 3.441826403549259616e-01
3.000000000000000000e+05 4.417976783867276769e-01
3.100000000000000000e+05 5.354750520024395000e-01
3.200000000000000000e+05 4.606977477233135110e-01
3.300000000000000000e+05 5.443929660819001315e-01
3.400000000000000000e+05 4.965454607783339469e-01
3.500000000000000000e+05 7.382988565920856061e-01
3.600000000000000000e+05 5.432864518007410881e-01
3.700000000000000000e+05 7.322046084291001788e-01
3.800000000000000000e+05 5.990898822827853687e-01
3.900000000000000000e+05 3.978953222343135088e-01
4.000000000000000000e+05 8.993619541035343667e-01
4.100000000000000000e+05 1.729067983286892929e+00
4.200000000000000000e+05 3.379885134663907831e+00
4.300000000000000000e+05 6.140691163588958723e+00
4.400000000000000000e+05 1.075273430249571938e+01
4.500000000000000000e+05 1.511610124676702327e+01
4.600000000000000000e+05 1.720006593901996084e+01
4.700000000000000000e+05 1.434110869877108563e+01
4.800000000000000000e+05 7.767055024836077237e+00
4.900000000000000000e+05 4.035384581262734471e+00
5.000000000000000000e+05 1.518500589231833287e+00
5.100000000000000000e+05 7.937135481992599884e-01
5.200000000000000000e+05 5.478964311030860568e-01
5.300000000000000000e+05 3.643662509054535481e-01
5.400000000000000000e+05 2.435085585480866455e-01
5.500000000000000000e+05 2.158295218875197208e-01
5.600000000000000000e+05 9.901711709617326551e-02
5.700000000000000000e+05 1.266137214115735377e-01
5.800000000000000000e+05 9.969144145191335959e-02
5.900000000000000000e+05 1.118758835248672423e-01
6.000000000000000000e+05 2.294685031821392385e-01
6.100000000000000000e+05 1.030489257995202135e-01
6.200000000000000000e+05 2.415162162371600751e-01
6.300000000000000000e+05 9.267941788264007219e-02
6.400000000000000000e+05 2.022024254889995820e-01
6.500000000000000000e+05 2.624703049001664290e-01
6.600000000000000000e+05 2.136352043879490015e-01
6.700000000000000000e+05 5.431667360032520486e-01
6.800000000000000000e+05 4.039497227828064974e-01
6.900000000000000000e+05 2.887655232587525989e-01
7.000000000000000000e+05 5.032343380680750489e-01
7.100000000000000000e+05 8.249827442306543190e-01
7.200000000000000000e+05 8.636828135672398599e-01
7.300000000000000000e+05 1.133399618777925166e+00
7.400000000000000000e+05 1.988708731502094818e+00
7.500000000000000000e+05 2.817019161363102597e+00
7.600000000000000000e+05 3.980663790360700727e+00
7.700000000000000000e+05 5.658506270699043661e+00
7.800000000000000000e+05 8.484169888622338007e+00
7.900000000000000000e+05 1.300823925812436599e+01
8.000000000000000000e+05 1.262991316646056639e+01
8.100000000000000000e+05 1.326935654894945671e+01
8.200000000000000000e+05 1.128319542688495325e+01
8.300000000000000000e+05 1.016736205849587726e+01
8.400000000000000000e+05 8.437989952135978911e+00
8.500000000000000000e+05 5.903750173599769724e+00
8.600000000000000000e+05 4.026779141311209287e+00
8.700000000000000000e+05 2.663566285702895886e+00
8.800000000000000000e+05 1.944828690365094204e+00
8.900000000000000000e+05 1.136123908723679854e+00
9.000000000000000000e+05 5.494228691914917473e-01
9.100000000000000000e+05 3.440821897962665910e-01
9.200000000000000000e+05 4.614540541238671412e-01
9.300000000000000000e+05 1.353773042791259207e-01
9.400000000000000000e+05 5.416029105868035154e-02
9.500000000000000000e+05 4.526351353096620678e-02
9.600000000000000000e+05 0.000000000000000000e+00
9.700000000000000000e+05 0.000000000000000000e+00
9.800000000000000000e+05 4.655020788060656306e-02
9.900000000000000000e+05 2.011645878606010615e-02
