5.207000000000000000e+03 6.666666666666666574e-02
5.217000000000000000e+03 0.000000000000000000e+00
5.227000000000000000e+03 0.000000000000000000e+00
5.237000000000000000e+03 0.000000000000000000e+00
5.247000000000000000e+03 0.000000000000000000e+00
5.257000000000000000e+03 0.000000000000000000e+00
5.267000000000000000e+03 0.000000000000000000e+00
5.277000000000000000e+03 0.000000000000000000e+00
5.287000000000000000e+03 0.000000000000000000e+00
5.297000000000000000e+03 0.000000000000000000e+00
5.307000000000000000e+03 6.666666666666666574e-02
5.317000000000000000e+03 0.000000000000000000e+00
5.327000000000000000e+03 0.000000000000000000e+00
5.337000000000000000e+03 0.000000000000000000e+00
5.347000000000000000e+03 0.000000000000000000e+00
5.357000000000000000e+03 0.000000000000000000e+00
5.367000000000000000e+03 0.000000000000000000e+00
5.377000000000000000e+03 0.000000000000000000e+00
5.387000000000000000e+03 0.000000000000000000e+00
5.397000000000000000e+03 0.000000000000000000e+00
5.407000000000000000e+03 0.000000000000000000e+00
5.417000000000000000e+03 0.000000000000000000e+00
5.427000000000000000e+03 0.000000000000000000e+00
5.437000000000000000e+03 0.000000000000000000e+00
5.447000000000000000e+03 0.000000000000000000e+00
5.457000000000000000e+03 0.000000000000000000e+00
5.467000000000000000e+03 0.000000000000000000e+00
5.477000000000000000e+03 0.000000000000000000e+00
5.487000000000000000e+03 0.000000000000000000e+00
5.497000000000000000e+03 0.000000000000000000e+00
5.507000000000000000e+03 0.000000000000000000e+00
5.517000000000000000e+03 0.000000000000000000e+00
5.527000000000000000e+03 0.000000000000000000e+00
5.537000000000000000e+03 0.000000000000000000e+00
5.547000000000000000e+03 0.000000000000000000e+00
5.557000000000000000e+03 0.000000000000000000e+00
5.567000000000000000e+03 0.000000000000000000e+00
5.577000000000000000e+03 0.000000000000000000e+00
5.587000000000000000e+03 0.000000000000000000e+00
5.597000000000000000e+03 0.000000000000000000e+00
5.607000000000000000e+03 0.000000000000000000e+00
5.617000000000000000e+03 0.000000000000000000e+00
5.627000000000000000e+03 0.000000000000000000e+00
5.637000000000000000e+03 0.000000000000000000e+00
5.647000000000000000e+03 0.000000000000000000e+00
5.657000000000000000e+03 0.000000000000000000e+00
5.667000000000000000e+03 0.000000000000000000e+00
5.677000000000000000e+03 0.000000000000000000e+00
5.687000000000000000e+03 0.000000000000000000e+00
5.697000000000000000e+03 0.000000000000000000e+00
5.707000000000000000e+03 0.000000000000000000e+00
5.717000000000000000e+03 0.000000000000000000e+00
5.727000000000000000e+03 0.000000000000000000e+00
5.737000000000000000e+03 0.000000000000000000e+00
5.747000000000000000e+03 0.000000000000000000e+00
5.757000000000000000e+03 0.000000000000000000e+00
5.767000000000000000e+03 0.000000000000000000e+00
5.777000000000000000e+03 0.000000000000000000e+00
5.787000000000000000e+03 0.000000000000000000e+00
5.797000000000000000e+03 0.000000000000000000e+00
5.807000000000000000e+03 0.000000000000000000e+00
5.817000000000000000e+03 0.000000000000000000e+00
5.827000000000000000e+03 0.000000000000000000e+00
5.837000000000000000e+03 0.000000000000000000e+00
5.847000000000000000e+03 0.000000000000000000e+00
5.857000000000000000e+03 0.000000000000000000e+00
5.867000000000000000e+03 0.000000000000000000e+00
5.877000000000000000e+03 0.000000000000000000e+00
5.887000000000000000e+03 0.000000000000000000e+00
5.897000000000000000e+03 0.000000000000000000e+00
5.907000000000000000e+03 0.000000000000000000e+00
5.917000000000000000e+03 0.000000000000000000e+00
5.927000000000000000e+03 0.000000000000000000e+00
5.937000000000000000e+03 0.000000000000000000e+00
5.947000000000000000e+03 0.000000000000000000e+00
5.957000000000000000e+03 0.000000000000000000e+00
5.967000000000000000e+03 0.000000000000000000e+00
5.977000000000000000e+03 0.000000000000000000e+00
5.987000000000000000e+03 0.000000000000000000e+00
5.997000000000000000e+03 0.000000000000000000e+00
6.007000000000000000e+03 0.000000000000000000e+00
6.017000000000000000e+03 0.000000000000000000e+00
6.027000000000000000e+03 0.000000000000000000e+00
6.037000000000000000e+03 0.000000000000000000e+00
6.047000000000000000e+03 0.000000000000000000e+00
6.057000000000000000e+03 0.000000000000000000e+00
6.067000000000000000e+03 0.000000000000000000e+00
6.077000000000000000e+03 0.000000000000000000e+00
6.087000000000000000e+03 0.000000000000000000e+00
6.097000000000000000e+03 0.000000000000000000e+00
6.107000000000000000e+03 0.000000000000000000e+00
6.117000000000000000e+03 0.000000000000000000e+00
6.127000000000000000e+03 0.000000000000000000e+00
6.137000000000000000e+03 0.000000000000000000e+00
6.147000000000000000e+03 0.000000000000000000e+00
6.157000000000000000e+03 0.000000000000000000e+00
6.167000000000000000e+03 0.000000000000000000e+00
6.177000000000000000e+03 0.000000000000000000e+00
6.187000000000000000e+03 0.000000000000000000e+00
6.197000000000000000e+03 0.000000000000000000e+00
6.207000000000000000e+03 0.000000000000000000e+00
6.217000000000000000e+03 0.000000000000000000e+00
6.227000000000000000e+03 0.000000000000000000e+00
6.237000000000000000e+03 0.000000000000000000e+00
6.247000000000000000e+03 0.000000000000000000e+00
6.257000000000000000e+03 0.000000000000000000e+00
6.267000000000000000e+03 0.000000000000000000e+00
6.277000000000000000e+03 0.000000000000000000e+00
6.287000000000000000e+03 0.000000000000000000e+00
6.297000000000000000e+03 0.000000000000000000e+00
6.307000000000000000e+03 0.000000000000000000e+00
6.317000000000000000e+03 0.000000000000000000e+00
6.327000000000000000e+03 0.000000000000000000e+00
6.337000000000000000e+03 0.000000000000000000e+00
6.347000000000000000e+03 0.000000000000000000e+00
6.357000000000000000e+03 0.000000000000000000e+00
6.367000000000000000e+03 0.000000000000000000e+00
6.377000000000000000e+03 0.000000000000000000e+00
6.387000000000000000e+03 0.000000000000000000e+00
6.397000000000000000e+03 0.000000000000000000e+00
6.407000000000000000e+03 0.000000000000000000e+00
6.417000000000000000e+03 0.000000000000000000e+00
6.427000000000000000e+03 0.000000000000000000e+00
6.437000000000000000e+03 0.000000000000000000e+00
6.447000000000000000e+03 0.000000000000000000e+00
6.457000000000000000e+03 0.000000000000000000e+00
6.467000000000000000e+03 0.000000000000000000e+00
6.477000000000000000e+03 0.000000000000000000e+00
6.487000000000000000e+03 0.000000000000000000e+00
6.497000000000000000e+03 0.000000000000000000e+00
6.507000000000000000e+03 0.000000000000000000e+00
6.517000000000000000e+03 0.000000000000000000e+00
6.527000000000000000e+03 0.000000000000000000e+00
6.537000000000000000e+03 0.000000000000000000e+00
6.547000000000000000e+03 0.000000000000000000e+00
6.557000000000000000e+03 0.000000000000000000e+00
6.567000000000000000e+03 0.000000000000000000e+00
6.577000000000000000e+03 0.000000000000000000e+00
6.587000000000000000e+03 0.000000000000000000e+00
6.597000000000000000e+03 0.000000000000000000e+00
6.607000000000000000e+03 0.000000000000000000e+00
6.617000000000000000e+03 0.000000000000000000e+00
6.627000000000000000e+03 0.000000000000000000e+00
6.637000000000000000e+03 0.000000000000000000e+00
6.647000000000000000e+03 6.666666666666666574e-02
6.657000000000000000e+03 0.000000000000000000e+00
6.667000000000000000e+03 0.000000000000000000e+00
6.677000000000000000e+03 0.000000000000000000e+00
6.687000000000000000e+03 0.000000000000000000e+00
6.697000000000000000e+03 0.000000000000000000e+00
6.707000000000000000e+03 0.000000000000000000e+00
6.717000000000000000e+03 0.000000000000000000e+00
6.727000000000000000e+03 0.000000000000000000e+00
6.737000000000000000e+03 0.000000000000000000e+00
6.747000000000000000e+03 0.000000000000000000e+00
6.757000000000000000e+03 0.000000000000000000e+00
6.767000000000000000e+03 0.000000000000000000e+00
6.777000000000000000e+03 0.000000000000000000e+00
6.787000000000000000e+03 0.000000000000000000e+00
6.797000000000000000e+03 0.000000000000000000e+00
6.807000000000000000e+03 0.000000000000000000e+00
6.817000000000000000e+03 0.000000000000000000e+00
6.827000000000000000e+03 0.000000000000000000e+00
6.837000000000000000e+03 0.000000000000000000e+00
6.847000000000000000e+03 0.000000000000000000e+00
6.857000000000000000e+03 0.000000000000000000e+00
6.867000000000000000e+03 0.000000000000000000e+00
6.877000000000000000e+03 0.000000000000000000e+00
6.887000000000000000e+03 0.000000000000000000e+00
6.897000000000000000e+03 0.000000000000000000e+00
6.907000000000000000e+03 0.000000000000000000e+00
6.917000000000000000e+03 0.000000000000000000e+00
6.927000000000000000e+03 0.000000000000000000e+00
6.937000000000000000e+03 0.000000000000000000e+00
6.947000000000000000e+03 0.000000000000000000e+00
6.957000000000000000e+03 0.000000000000000000e+00
6.967000000000000000e+03 0.000000000000000000e+00
6.977000000000000000e+03 6.666666666666666574e-02
6.987000000000000000e+03 0.000000000000000000e+00
6.997000000000000000e+03 0.000000000000000000e+00
7.007000000000000000e+03 0.000000000000000000e+00
7.017000000000000000e+03 0.000000000000000000e+00
7.027000000000000000e+03 0.000000000000000000e+00
7.037000000000000000e+03 0.000000000000000000e+00
7.047000000000000000e+03 0.000000000000000000e+00
7.057000000000000000e+03 0.000000000000000000e+00
7.067000000000000000e+03 0.000000000000000000e+00
7.077000000000000000e+03 0.000000000000000000e+00
7.087000000000000000e+03 0.000000000000000000e+00
7.097000000000000000e+03 0.000000000000000000e+00
7.107000000000000000e+03 0.000000000000000000e+00
7.117000000000000000e+03 0.000000000000000000e+00
7.127000000000000000e+03 0.000000000000000000e+00
7.137000000000000000e+03 0.000000000000000000e+00
7.147000000000000000e+03 0.000000000000000000e+00
7.157000000000000000e+03 0.000000000000000000e+00
7.167000000000000000e+03 0.000000000000000000e+00
7.177000000000000000e+03 0.000000000000000000e+00
7.187000000000000000e+03 0.000000000000000000e+00
7.197000000000000000e+03 0.000000000000000000e+00
7.207000000000000000e+03 0.000000000000000000e+00
7.217000000000000000e+03 0.000000000000000000e+00
7.227000000000000000e+03 0.000000000000000000e+00
7.237000000000000000e+03 0.000000000000000000e+00
7.247000000000000000e+03 0.000000000000000000e+00
7.257000000000000000e+03 0.000000000000000000e+00
7.267000000000000000e+03 0.000000000000000000e+00
7.277000000000000000e+03 0.000000000000000000e+00
7.287000000000000000e+03 0.000000000000000000e+00
7.297000000000000000e+03 0.000000000000000000e+00
7.307000000000000000e+03 0.000000000000000000e+00
7.317000000000000000e+03 0.000000000000000000e+00
7.327000000000000000e+03 0.000000000000000000e+00
7.337000000000000000e+03 0.000000000000000000e+00
7.347000000000000000e+03 0.000000000000000000e+00
7.357000000000000000e+03 0.000000000000000000e+00
7.367000000000000000e+03 0.000000000000000000e+00
7.377000000000000000e+03 0.000000000000000000e+00
7.387000000000000000e+03 6.666666666666666574e-02
7.397000000000000000e+03 0.000000000000000000e+00
7.407000000000000000e+03 0.000000000000000000e+00
7.417000000000000000e+03 0.000000000000000000e+00
7.427000000000000000e+03 0.000000000000000000e+00
7.437000000000000000e+03 0.000000000000000000e+00
7.447000000000000000e+03 0.000000000000000000e+00
7.457000000000000000e+03 0.000000000000000000e+00
7.467000000000000000e+03 0.000000000000000000e+00
7.477000000000000000e+03 0.000000000000000000e+00
7.487000000000000000e+03 0.000000000000000000e+00
7.497000000000000000e+03 0.000000000000000000e+00
7.507000000000000000e+03 0.000000000000000000e+00
7.517000000000000000e+03 0.000000000000000000e+00
7.527000000000000000e+03 6.666666666666666574e-02
7.537000000000000000e+03 6.666666666666666574e-02
7.547000000000000000e+03 0.000000000000000000e+00
7.557000000000000000e+03 0.000000000000000000e+00
7.567000000000000000e+03 0.000000000000000000e+00
7.577000000000000000e+03 0.000000000000000000e+00
7.587000000000000000e+03 0.000000000000000000e+00
7.597000000000000000e+03 6.666666666666666574e-02
7.607000000000000000e+03 0.000000000000000000e+00
7.617000000000000000e+03 0.000000000000000000e+00
7.627000000000000000e+03 0.000000000000000000e+00
7.637000000000000000e+03 0.000000000000000000e+00
7.647000000000000000e+03 0.000000000000000000e+00
7.657000000000000000e+03 0.000000000000000000e+00
7.667000000000000000e+03 0.000000000000000000e+00
7.677000000000000000e+03 0.000000000000000000e+00
7.687000000000000000e+03 0.000000000000000000e+00
7.697000000000000000e+03 0.000000000000000000e+00
7.707000000000000000e+03 0.000000000000000000e+00
7.717000000000000000e+03 0.000000000000000000e+00
7.727000000000000000e+03 0.000000000000000000e+00
7.737000000000000000e+03 0.000000000000000000e+00
7.747000000000000000e+03 0.000000000000000000e+00
7.757000000000000000e+03 0.000000000000000000e+00
7.767000000000000000e+03 0.000000000000000000e+00
7.777000000000000000e+03 0.000000000000000000e+00
7.787000000000000000e+03 0.000000000000000000e+00
7.797000000000000000e+03 0.000000000000000000e+00
7.807000000000000000e+03 0.000000000000000000e+00
7.817000000000000000e+03 0.000000000000000000e+00
7.827000000000000000e+03 0.000000000000000000e+00
7.837000000000000000e+03 0.000000000000000000e+00
7.847000000000000000e+03 0.000000000000000000e+00
7.857000000000000000e+03 0.000000000000000000e+00
7.867000000000000000e+03 0.000000000000000000e+00
7.877000000000000000e+03 0.000000000000000000e+00
7.887000000000000000e+03 0.000000000000000000e+00
7.897000000000000000e+03 0.000000000000000000e+00
7.907000000000000000e+03 6.666666666666666574e-02
7.917000000000000000e+03 0.000000000000000000e+00
7.927000000000000000e+03 0.000000000000000000e+00
7.937000000000000000e+03 0.000000000000000000e+00
7.947000000000000000e+03 0.000000000000000000e+00
7.957000000000000000e+03 0.000000000000000000e+00
7.967000000000000000e+03 0.000000000000000000e+00
7.977000000000000000e+03 0.000000000000000000e+00
7.987000000000000000e+03 0.000000000000000000e+00
7.997000000000000000e+03 0.000000000000000000e+00
8.007000000000000000e+03 0.000000000000000000e+00
8.017000000000000000e+03 0.000000000000000000e+00
8.027000000000000000e+03 0.000000000000000000e+00
8.037000000000000000e+03 0.000000000000000000e+00
8.047000000000000000e+03 0.000000000000000000e+00
8.057000000000000000e+03 0.000000000000000000e+00
8.067000000000000000e+03 0.000000000000000000e+00
8.077000000000000000e+03 0.000000000000000000e+00
8.087000000000000000e+03 6.666666666666666574e-02
8.097000000000000000e+03 0.000000000000000000e+00
8.107000000000000000e+03 0.000000000000000000e+00
8.117000000000000000e+03 0.000000000000000000e+00
8.127000000000000000e+03 0.000000000000000000e+00
8.137000000000000000e+03 0.000000000000000000e+00
8.147000000000000000e+03 0.000000000000000000e+00
8.157000000000000000e+03 6.666666666666666574e-02
8.167000000000000000e+03 0.000000000000000000e+00
8.177000000000000000e+03 0.000000000000000000e+00
8.187000000000000000e+03 0.000000000000000000e+00
8.197000000000000000e+03 0.000000000000000000e+00
8.207000000000000000e+03 0.000000000000000000e+00
8.217000000000000000e+03 0.000000000000000000e+00
8.227000000000000000e+03 0.000000000000000000e+00
8.237000000000000000e+03 0.000000000000000000e+00
8.247000000000000000e+03 0.000000000000000000e+00
8.257000000000000000e+03 6.666666666666666574e-02
8.267000000000000000e+03 0.000000000000000000e+00
8.277000000000000000e+03 0.000000000000000000e+00
8.287000000000000000e+03 0.000000000000000000e+00
8.297000000000000000e+03 0.000000000000000000e+00
8.307000000000000000e+03 0.000000000000000000e+00
8.317000000000000000e+03 0.000000000000000000e+00
8.327000000000000000e+03 0.000000000000000000e+00
8.337000000000000000e+03 0.000000000000000000e+00
8.347000000000000000e+03 6.666666666666666574e-02
8.357000000000000000e+03 0.000000000000000000e+00
8.367000000000000000e+03 0.000000000000000000e+00
8.377000000000000000e+03 6.666666666666666574e-02
8.387000000000000000e+03 0.000000000000000000e+00
8.397000000000000000e+03 0.000000000000000000e+00
8.407000000000000000e+03 0.000000000000000000e+00
8.417000000000000000e+03 6.666666666666666574e-02
8.427000000000000000e+03 0.000000000000000000e+00
8.437000000000000000e+03 0.000000000000000000e+00
8.447000000000000000e+03 0.000000000000000000e+00
8.457000000000000000e+03 0.000000000000000000e+00
8.467000000000000000e+03 0.000000000000000000e+00
8.477000000000000000e+03 0.000000000000000000e+00
8.487000000000000000e+03 0.000000000000000000e+00
8.497000000000000000e+03 0.000000000000000000e+00
8.507000000000000000e+03 6.666666666666666574e-02
8.517000000000000000e+03 0.000000000000000000e+00
8.527000000000000000e+03 0.000000000000000000e+00
8.537000000000000000e+03 0.000000000000000000e+00
8.547000000000000000e+03 0.000000000000000000e+00
8.557000000000000000e+03 0.000000000000000000e+00
8.567000000000000000e+03 0.000000000000000000e+00
8.577000000000000000e+03 0.000000000000000000e+00
8.587000000000000000e+03 0.000000000000000000e+00
8.597000000000000000e+03 0.000000000000000000e+00
8.607000000000000000e+03 6.666666666666666574e-02
8.617000000000000000e+03 0.000000000000000000e+00
8.627000000000000000e+03 6.666666666666666574e-02
8.637000000000000000e+03 1.333333333333333315e-01
8.647000000000000000e+03 0.000000000000000000e+00
8.657000000000000000e+03 6.666666666666666574e-02
8.667000000000000000e+03 6.666666666666666574e-02
8.677000000000000000e+03 0.000000000000000000e+00
8.687000000000000000e+03 0.000000000000000000e+00
8.697000000000000000e+03 0.000000000000000000e+00
8.707000000000000000e+03 0.000000000000000000e+00
8.717000000000000000e+03 0.000000000000000000e+00
8.727000000000000000e+03 0.000000000000000000e+00
8.737000000000000000e+03 0.000000000000000000e+00
8.747000000000000000e+03 0.000000000000000000e+00
8.757000000000000000e+03 0.000000000000000000e+00
8.767000000000000000e+03 0.000000000000000000e+00
8.777000000000000000e+03 6.666666666666666574e-02
8.787000000000000000e+03 0.000000000000000000e+00
8.797000000000000000e+03 0.000000000000000000e+00
8.807000000000000000e+03 0.000000000000000000e+00
8.817000000000000000e+03 0.000000000000000000e+00
8.827000000000000000e+03 0.000000000000000000e+00
8.837000000000000000e+03 6.666666666666666574e-02
8.847000000000000000e+03 6.666666666666666574e-02
8.857000000000000000e+03 0.000000000000000000e+00
8.867000000000000000e+03 6.666666666666666574e-02
8.877000000000000000e+03 0.000000000000000000e+00
8.887000000000000000e+03 6.666666666666666574e-02
8.897000000000000000e+03 0.000000000000000000e+00
8.907000000000000000e+03 6.666666666666666574e-02
8.917000000000000000e+03 0.000000000000000000e+00
8.927000000000000000e+03 1.333333333333333315e-01
8.937000000000000000e+03 0.000000000000000000e+00
8.947000000000000000e+03 0.000000000000000000e+00
8.957000000000000000e+03 6.666666666666666574e-02
8.967000000000000000e+03 0.000000000000000000e+00
8.977000000000000000e+03 1.333333333333333315e-01
8.987000000000000000e+03 6.666666666666666574e-02
8.997000000000000000e+03 0.000000000000000000e+00
9.007000000000000000e+03 6.666666666666666574e-02
9.017000000000000000e+03 6.666666666666666574e-02
9.027000000000000000e+03 0.000000000000000000e+00
9.037000000000000000e+03 6.666666666666666574e-02
9.047000000000000000e+03 6.666666666666666574e-02
9.057000000000000000e+03 1.333333333333333315e-01
9.067000000000000000e+03 0.000000000000000000e+00
9.077000000000000000e+03 0.000000000000000000e+00
9.087000000000000000e+03 0.000000000000000000e+00
9.097000000000000000e+03 6.666666666666666574e-02
9.107000000000000000e+03 0.000000000000000000e+00
9.117000000000000000e+03 1.333333333333333315e-01
9.127000000000000000e+03 6.666666666666666574e-02
9.137000000000000000e+03 0.000000000000000000e+00
9.147000000000000000e+03 0.000000000000000000e+00
9.157000000000000000e+03 0.000000000000000000e+00
9.167000000000000000e+03 6.666666666666666574e-02
9.177000000000000000e+03 6.666666666666666574e-02
9.187000000000000000e+03 0.000000000000000000e+00
9.197000000000000000e+03 6.666666666666666574e-02
9.207000000000000000e+03 0.000000000000000000e+00
9.217000000000000000e+03 0.000000000000000000e+00
9.227000000000000000e+03 0.000000000000000000e+00
9.237000000000000000e+03 6.666666666666666574e-02
9.247000000000000000e+03 6.666666666666666574e-02
9.257000000000000000e+03 6.666666666666666574e-02
9.267000000000000000e+03 0.000000000000000000e+00
9.277000000000000000e+03 0.000000000000000000e+00
9.287000000000000000e+03 0.000000000000000000e+00
9.297000000000000000e+03 0.000000000000000000e+00
9.307000000000000000e+03 1.333333333333333315e-01
9.317000000000000000e+03 0.000000000000000000e+00
9.327000000000000000e+03 0.000000000000000000e+00
9.337000000000000000e+03 1.333333333333333315e-01
9.347000000000000000e+03 6.666666666666666574e-02
9.357000000000000000e+03 6.666666666666666574e-02
9.367000000000000000e+03 0.000000000000000000e+00
9.377000000000000000e+03 0.000000000000000000e+00
9.387000000000000000e+03 6.666666666666666574e-02
9.397000000000000000e+03 0.000000000000000000e+00
9.407000000000000000e+03 0.000000000000000000e+00
9.417000000000000000e+03 0.000000000000000000e+00
9.427000000000000000e+03 6.666666666666666574e-02
9.437000000000000000e+03 0.000000000000000000e+00
9.447000000000000000e+03 2.000000000000000111e-01
9.457000000000000000e+03 1.333333333333333315e-01
9.467000000000000000e+03 1.333333333333333315e-01
9.477000000000000000e+03 1.333333333333333315e-01
9.487000000000000000e+03 6.666666666666666574e-02
9.497000000000000000e+03 0.000000000000000000e+00
9.507000000000000000e+03 0.000000000000000000e+00
9.517000000000000000e+03 6.666666666666666574e-02
9.527000000000000000e+03 6.666666666666666574e-02
9.537000000000000000e+03 0.000000000000000000e+00
9.547000000000000000e+03 1.333333333333333315e-01
9.557000000000000000e+03 0.000000000000000000e+00
9.567000000000000000e+03 6.666666666666666574e-02
9.577000000000000000e+03 0.000000000000000000e+00
9.587000000000000000e+03 0.000000000000000000e+00
9.597000000000000000e+03 0.000000000000000000e+00
9.607000000000000000e+03 6.666666666666666574e-02
9.617000000000000000e+03 0.000000000000000000e+00
9.627000000000000000e+03 0.000000000000000000e+00
9.637000000000000000e+03 0.000000000000000000e+00
9.647000000000000000e+03 0.000000000000000000e+00
9.657000000000000000e+03 1.333333333333333315e-01
9.667000000000000000e+03 0.000000000000000000e+00
9.677000000000000000e+03 1.333333333333333315e-01
9.687000000000000000e+03 6.666666666666666574e-02
9.697000000000000000e+03 0.000000000000000000e+00
9.707000000000000000e+03 1.333333333333333315e-01
9.717000000000000000e+03 1.333333333333333315e-01
9.727000000000000000e+03 6.666666666666666574e-02
9.737000000000000000e+03 0.000000000000000000e+00
9.747000000000000000e+03 0.000000000000000000e+00
9.757000000000000000e+03 0.000000000000000000e+00
9.767000000000000000e+03 0.000000000000000000e+00
9.777000000000000000e+03 6.666666666666666574e-02
9.787000000000000000e+03 0.000000000000000000e+00
9.797000000000000000e+03 0.000000000000000000e+00
9.807000000000000000e+03 6.666666666666666574e-02
9.817000000000000000e+03 6.666666666666666574e-02
9.827000000000000000e+03 0.000000000000000000e+00
9.837000000000000000e+03 6.666666666666666574e-02
9.847000000000000000e+03 6.666666666666666574e-02
9.857000000000000000e+03 0.000000000000000000e+00
9.867000000000000000e+03 0.000000000000000000e+00
9.877000000000000000e+03 0.000000000000000000e+00
9.887000000000000000e+03 0.000000000000000000e+00
9.897000000000000000e+03 1.333333333333333315e-01
9.907000000000000000e+03 0.000000000000000000e+00
9.917000000000000000e+03 1.000000000000000000e+00
9.927000000000000000e+03 1.133333333333333304e+00
9.937000000000000000e+03 3.333333333333333703e-01
9.947000000000000000e+03 6.666666666666666574e-02
9.957000000000000000e+03 6.666666666666666574e-02
9.967000000000000000e+03 0.000000000000000000e+00
9.977000000000000000e+03 1.333333333333333315e-01
9.987000000000000000e+03 6.666666666666666574e-02
9.997000000000000000e+03 6.666666666666666574e-02
1.000700000000000000e+04 0.000000000000000000e+00
1.001700000000000000e+04 2.000000000000000111e-01
1.002700000000000000e+04 0.000000000000000000e+00
1.003700000000000000e+04 6.666666666666666574e-02
1.004700000000000000e+04 6.666666666666666574e-02
1.005700000000000000e+04 0.000000000000000000e+00
1.006700000000000000e+04 0.000000000000000000e+00
1.007700000000000000e+04 0.000000000000000000e+00
1.008700000000000000e+04 0.000000000000000000e+00
1.009700000000000000e+04 0.000000000000000000e+00
1.010700000000000000e+04 0.000000000000000000e+00
1.011700000000000000e+04 0.000000000000000000e+00
1.012700000000000000e+04 1.000000000000000000e+00
1.013700000000000000e+04 2.866666666666666696e+00
1.014700000000000000e+04 1.600000000000000089e+00
1.015700000000000000e+04 8.666666666666666963e-01
1.016700000000000000e+04 4.000000000000000222e-01
1.017700000000000000e+04 2.666666666666666630e-01
1.018700000000000000e+04 6.666666666666666574e-02
1.019700000000000000e+04 6.666666666666666574e-02
1.020700000000000000e+04 0.000000000000000000e+00
1.021700000000000000e+04 6.666666666666666574e-02
1.022700000000000000e+04 6.666666666666666574e-02
1.023700000000000000e+04 0.000000000000000000e+00
1.024700000000000000e+04 6.666666666666666574e-02
1.025700000000000000e+04 6.666666666666666574e-02
1.026700000000000000e+04 0.000000000000000000e+00
1.027700000000000000e+04 1.333333333333333315e-01
1.028700000000000000e+04 1.333333333333333315e-01
1.029700000000000000e+04 6.666666666666666574e-02
1.030700000000000000e+04 6.666666666666666574e-02
1.031700000000000000e+04 0.000000000000000000e+00
1.032700000000000000e+04 0.000000000000000000e+00
1.033700000000000000e+04 6.666666666666666574e-02
1.034700000000000000e+04 4.000000000000000222e-01
1.035700000000000000e+04 3.400000000000000355e+00
1.036700000000000000e+04 3.333333333333333037e+00
1.037700000000000000e+04 2.600000000000000089e+00
1.038700000000000000e+04 1.000000000000000000e+00
1.039700000000000000e+04 1.000000000000000000e+00
1.040700000000000000e+04 8.000000000000000444e-01
1.041700000000000000e+04 3.333333333333333703e-01
1.042700000000000000e+04 1.333333333333333315e-01
1.043700000000000000e+04 1.333333333333333315e-01
1.044700000000000000e+04 6.666666666666666574e-02
1.045700000000000000e+04 1.333333333333333315e-01
1.046700000000000000e+04 2.000000000000000111e-01
1.047700000000000000e+04 6.666666666666666574e-02
1.048700000000000000e+04 6.666666666666666574e-02
1.049700000000000000e+04 0.000000000000000000e+00
1.050700000000000000e+04 2.000000000000000111e-01
1.051700000000000000e+04 1.333333333333333315e-01
1.052700000000000000e+04 0.000000000000000000e+00
1.053700000000000000e+04 0.000000000000000000e+00
1.054700000000000000e+04 0.000000000000000000e+00
1.055700000000000000e+04 6.666666666666666574e-02
1.056700000000000000e+04 6.666666666666666574e-02
1.057700000000000000e+04 6.666666666666666574e-02
1.058700000000000000e+04 1.666666666666666519e+00
1.059700000000000000e+04 3.666666666666666075e+00
1.060700000000000000e+04 3.866666666666667140e+00
1.061700000000000000e+04 2.533333333333333659e+00
1.062700000000000000e+04 1.600000000000000089e+00
1.063700000000000000e+04 1.000000000000000000e+00
1.064700000000000000e+04 4.666666666666666741e-01
1.065700000000000000e+04 4.666666666666666741e-01
1.066700000000000000e+04 2.666666666666666630e-01
1.067700000000000000e+04 6.666666666666667407e-01
1.068700000000000000e+04 4.666666666666666741e-01
1.069700000000000000e+04 4.000000000000000222e-01
1.070700000000000000e+04 0.000000000000000000e+00
1.071700000000000000e+04 1.333333333333333315e-01
1.072700000000000000e+04 6.666666666666666574e-02
1.073700000000000000e+04 1.333333333333333315e-01
1.074700000000000000e+04 1.333333333333333315e-01
1.075700000000000000e+04 1.333333333333333315e-01
1.076700000000000000e+04 6.666666666666666574e-02
1.077700000000000000e+04 0.000000000000000000e+00
1.078700000000000000e+04 0.000000000000000000e+00
1.079700000000000000e+04 0.000000000000000000e+00
1.080700000000000000e+04 0.000000000000000000e+00
1.081700000000000000e+04 6.666666666666666574e-02
1.082700000000000000e+04 1.333333333333333315e-01
1.083700000000000000e+04 1.600000000000000089e+00
1.084700000000000000e+04 3.600000000000000089e+00
1.085700000000000000e+04 2.533333333333333659e+00
1.086700000000000000e+04 2.266666666666666607e+00
1.087700000000000000e+04 1.666666666666666519e+00
1.088700000000000000e+04 1.000000000000000000e+00
1.089700000000000000e+04 1.133333333333333304e+00
1.090700000000000000e+04 8.000000000000000444e-01
1.091700000000000000e+04 4.666666666666666741e-01
1.092700000000000000e+04 4.000000000000000222e-01
1.093700000000000000e+04 4.000000000000000222e-01
1.094700000000000000e+04 2.000000000000000111e-01
1.095700000000000000e+04 2.666666666666666630e-01
1.096700000000000000e+04 3.333333333333333703e-01
1.097700000000000000e+04 6.666666666666666574e-02
1.098700000000000000e+04 2.000000000000000111e-01
1.099700000000000000e+04 0.000000000000000000e+00
1.100700000000000000e+04 2.666666666666666630e-01
1.101700000000000000e+04 2.666666666666666630e-01
1.102700000000000000e+04 6.666666666666666574e-02
1.103700000000000000e+04 1.333333333333333315e-01
1.104700000000000000e+04 0.000000000000000000e+00
1.105700000000000000e+04 0.000000000000000000e+00
1.106700000000000000e+04 0.000000000000000000e+00
1.107700000000000000e+04 2.666666666666666630e-01
1.108700000000000000e+04 6.666666666666666574e-02
1.109700000000000000e+04 1.200000000000000178e+00
1.110700000000000000e+04 2.666666666666666963e+00
1.111700000000000000e+04 1.733333333333333393e+00
1.112700000000000000e+04 1.333333333333333481e+00
1.113700000000000000e+04 1.266666666666666829e+00
1.114700000000000000e+04 7.333333333333333925e-01
1.115700000000000000e+04 6.666666666666667407e-01
1.116700000000000000e+04 3.333333333333333703e-01
1.117700000000000000e+04 8.000000000000000444e-01
1.118700000000000000e+04 2.666666666666666630e-01
1.119700000000000000e+04 2.666666666666666630e-01
1.120700000000000000e+04 2.666666666666666630e-01
1.121700000000000000e+04 2.666666666666666630e-01
1.122700000000000000e+04 2.000000000000000111e-01
1.123700000000000000e+04 0.000000000000000000e+00
1.124700000000000000e+04 0.000000000000000000e+00
1.125700000000000000e+04 6.666666666666666574e-02
1.126700000000000000e+04 6.666666666666666574e-02
1.127700000000000000e+04 0.000000000000000000e+00
1.128700000000000000e+04 2.000000000000000111e-01
1.129700000000000000e+04 0.000000000000000000e+00
1.130700000000000000e+04 2.000000000000000111e-01
1.131700000000000000e+04 0.000000000000000000e+00
1.132700000000000000e+04 0.000000000000000000e+00
1.133700000000000000e+04 0.000000000000000000e+00
1.134700000000000000e+04 6.666666666666666574e-02
1.135700000000000000e+04 6.666666666666666574e-02
1.136700000000000000e+04 4.666666666666666741e-01
1.137700000000000000e+04 1.000000000000000000e+00
1.138700000000000000e+04 1.399999999999999911e+00
1.139700000000000000e+04 1.066666666666666652e+00
1.140700000000000000e+04 8.000000000000000444e-01
1.141700000000000000e+04 5.333333333333333259e-01
1.142700000000000000e+04 3.333333333333333703e-01
1.143700000000000000e+04 2.666666666666666630e-01
1.144700000000000000e+04 3.333333333333333703e-01
1.145700000000000000e+04 3.333333333333333703e-01
1.146700000000000000e+04 4.000000000000000222e-01
1.147700000000000000e+04 4.000000000000000222e-01
1.148700000000000000e+04 3.333333333333333703e-01
1.149700000000000000e+04 2.000000000000000111e-01
1.150700000000000000e+04 0.000000000000000000e+00
1.151700000000000000e+04 0.000000000000000000e+00
1.152700000000000000e+04 6.666666666666666574e-02
1.153700000000000000e+04 0.000000000000000000e+00
1.154700000000000000e+04 0.000000000000000000e+00
1.155700000000000000e+04 0.000000000000000000e+00
1.156700000000000000e+04 6.666666666666666574e-02
1.157700000000000000e+04 0.000000000000000000e+00
1.158700000000000000e+04 6.666666666666666574e-02
1.159700000000000000e+04 1.333333333333333315e-01
1.160700000000000000e+04 0.000000000000000000e+00
1.161700000000000000e+04 0.000000000000000000e+00
1.162700000000000000e+04 0.000000000000000000e+00
1.163700000000000000e+04 6.666666666666666574e-02
1.164700000000000000e+04 0.000000000000000000e+00
1.165700000000000000e+04 2.000000000000000111e-01
1.166700000000000000e+04 2.000000000000000111e-01
1.167700000000000000e+04 2.000000000000000111e-01
1.168700000000000000e+04 2.666666666666666630e-01
1.169700000000000000e+04 1.333333333333333315e-01
1.170700000000000000e+04 2.000000000000000111e-01
1.171700000000000000e+04 2.666666666666666630e-01
1.172700000000000000e+04 2.000000000000000111e-01
1.173700000000000000e+04 0.000000000000000000e+00
1.174700000000000000e+04 1.333333333333333315e-01
1.175700000000000000e+04 6.666666666666666574e-02
1.176700000000000000e+04 4.000000000000000222e-01
1.177700000000000000e+04 1.333333333333333315e-01
1.178700000000000000e+04 6.666666666666666574e-02
1.179700000000000000e+04 6.666666666666666574e-02
1.180700000000000000e+04 6.666666666666666574e-02
1.181700000000000000e+04 6.666666666666666574e-02
1.182700000000000000e+04 6.666666666666666574e-02
1.183700000000000000e+04 2.000000000000000111e-01
1.184700000000000000e+04 0.000000000000000000e+00
1.185700000000000000e+04 0.000000000000000000e+00
1.186700000000000000e+04 2.000000000000000111e-01
1.187700000000000000e+04 6.666666666666666574e-02
1.188700000000000000e+04 2.000000000000000111e-01
1.189700000000000000e+04 0.000000000000000000e+00
1.190700000000000000e+04 1.333333333333333315e-01
1.191700000000000000e+04 6.666666666666666574e-02
1.192700000000000000e+04 0.000000000000000000e+00
1.193700000000000000e+04 2.000000000000000111e-01
1.194700000000000000e+04 0.000000000000000000e+00
1.195700000000000000e+04 6.666666666666666574e-02
1.196700000000000000e+04 1.333333333333333315e-01
1.197700000000000000e+04 2.000000000000000111e-01
1.198700000000000000e+04 2.666666666666666630e-01
1.199700000000000000e+04 1.333333333333333315e-01
1.200700000000000000e+04 2.666666666666666630e-01
1.201700000000000000e+04 6.666666666666666574e-02
1.202700000000000000e+04 0.000000000000000000e+00
1.203700000000000000e+04 6.666666666666666574e-02
1.204700000000000000e+04 6.666666666666666574e-02
1.205700000000000000e+04 1.333333333333333315e-01
1.206700000000000000e+04 1.333333333333333315e-01
1.207700000000000000e+04 2.000000000000000111e-01
1.208700000000000000e+04 2.000000000000000111e-01
1.209700000000000000e+04 6.666666666666666574e-02
1.210700000000000000e+04 3.333333333333333148e-01
1.211700000000000000e+04 5.333333333333334370e-01
1.212700000000000000e+04 2.666666666666666630e-01
1.213700000000000000e+04 3.333333333333333703e-01
1.214700000000000000e+04 7.333333333333333925e-01
1.215700000000000000e+04 1.200000000000000178e+00
1.216700000000000000e+04 4.666666666666666741e-01
1.217700000000000000e+04 3.333333333333333703e-01
1.218700000000000000e+04 4.000000000000000222e-01
1.219700000000000000e+04 1.333333333333333315e-01
1.220700000000000000e+04 1.333333333333333315e-01
1.221700000000000000e+04 3.333333333333333148e-01
1.222700000000000000e+04 3.999999999999999667e-01
1.223700000000000000e+04 3.333333333333333148e-01
1.224700000000000000e+04 3.333333333333333148e-01
1.225700000000000000e+04 3.333333333333333703e-01
1.226700000000000000e+04 2.666666666666666630e-01
1.227700000000000000e+04 8.000000000000000444e-01
1.228700000000000000e+04 4.666666666666666741e-01
1.229700000000000000e+04 2.666666666666666630e-01
1.230700000000000000e+04 2.666666666666666630e-01
1.231700000000000000e+04 3.333333333333333148e-01
1.232700000000000000e+04 3.333333333333333148e-01
1.233700000000000000e+04 1.000000000000000000e+00
1.234700000000000000e+04 1.066666666666666652e+00
1.235700000000000000e+04 4.666666666666666741e-01
1.236700000000000000e+04 7.333333333333333925e-01
1.237700000000000000e+04 3.333333333333333703e-01
1.238700000000000000e+04 6.000000000000000888e-01
1.239700000000000000e+04 2.666666666666666630e-01
1.240700000000000000e+04 2.000000000000000111e-01
1.241700000000000000e+04 6.666666666666667407e-01
1.242700000000000000e+04 1.333333333333333481e+00
1.243700000000000000e+04 7.333333333333333925e-01
1.244700000000000000e+04 9.333333333333333481e-01
1.245700000000000000e+04 1.333333333333333315e-01
1.246700000000000000e+04 6.666666666666666297e-01
1.247700000000000000e+04 4.666666666666666741e-01
1.248700000000000000e+04 7.333333333333333925e-01
1.249700000000000000e+04 4.666666666666666741e-01
1.250700000000000000e+04 5.999999999999999778e-01
1.251700000000000000e+04 6.000000000000000888e-01
1.252700000000000000e+04 1.066666666666666874e+00
1.253700000000000000e+04 1.666666666666666741e+00
1.254700000000000000e+04 1.466666666666666785e+00
1.255700000000000000e+04 2.000000000000000111e-01
1.256700000000000000e+04 8.666666666666666963e-01
1.257700000000000000e+04 6.666666666666667407e-01
1.258700000000000000e+04 2.000000000000000111e-01
1.259700000000000000e+04 3.333333333333333703e-01
1.260700000000000000e+04 6.666666666666666574e-02
1.261700000000000000e+04 4.666666666666666186e-01
1.262700000000000000e+04 4.666666666666666741e-01
1.263700000000000000e+04 7.333333333333333925e-01
1.264700000000000000e+04 4.000000000000000222e-01
1.265700000000000000e+04 6.666666666666667407e-01
1.266700000000000000e+04 5.333333333333333259e-01
1.267700000000000000e+04 7.333333333333333925e-01
1.268700000000000000e+04 7.333333333333332815e-01
1.269700000000000000e+04 5.333333333333333259e-01
1.270700000000000000e+04 1.000000000000000000e+00
1.271700000000000000e+04 7.333333333333333925e-01
1.272700000000000000e+04 1.733333333333333393e+00
1.273700000000000000e+04 1.666666666666666519e+00
1.274700000000000000e+04 1.133333333333333304e+00
1.275700000000000000e+04 1.466666666666666785e+00
1.276700000000000000e+04 1.000000000000000000e+00
1.277700000000000000e+04 5.999999999999999778e-01
1.278700000000000000e+04 1.000000000000000000e+00
1.279700000000000000e+04 7.333333333333333925e-01
1.280700000000000000e+04 5.999999999999999778e-01
1.281700000000000000e+04 2.000000000000000111e-01
1.282700000000000000e+04 5.333333333333333259e-01
1.283700000000000000e+04 7.333333333333333925e-01
1.284700000000000000e+04 9.333333333333333481e-01
1.285700000000000000e+04 7.333333333333333925e-01
1.286700000000000000e+04 4.666666666666666741e-01
1.287700000000000000e+04 9.333333333333333481e-01
1.288700000000000000e+04 4.666666666666666741e-01
1.289700000000000000e+04 5.333333333333333259e-01
1.290700000000000000e+04 2.000000000000000111e-01
1.291700000000000000e+04 4.666666666666666741e-01
1.292700000000000000e+04 1.066666666666666874e+00
1.293700000000000000e+04 1.399999999999999911e+00
1.294700000000000000e+04 1.733333333333333393e+00
1.295700000000000000e+04 1.333333333333333481e+00
1.296700000000000000e+04 1.133333333333333304e+00
1.297700000000000000e+04 1.200000000000000178e+00
1.298700000000000000e+04 6.000000000000000888e-01
1.299700000000000000e+04 2.666666666666666630e-01
1.300700000000000000e+04 4.666666666666666741e-01
1.301700000000000000e+04 6.666666666666667407e-01
1.302700000000000000e+04 5.333333333333334370e-01
1.303700000000000000e+04 6.666666666666667407e-01
1.304700000000000000e+04 6.666666666666667407e-01
1.305700000000000000e+04 5.333333333333333259e-01
1.306700000000000000e+04 6.000000000000000888e-01
1.307700000000000000e+04 5.333333333333333259e-01
1.308700000000000000e+04 2.666666666666666630e-01
1.309700000000000000e+04 3.333333333333333148e-01
1.310700000000000000e+04 4.666666666666666741e-01
1.311700000000000000e+04 5.333333333333334370e-01
1.312700000000000000e+04 5.333333333333334370e-01
1.313700000000000000e+04 8.000000000000000444e-01
1.314700000000000000e+04 1.466666666666666785e+00
1.315700000000000000e+04 1.133333333333333304e+00
1.316700000000000000e+04 7.333333333333333925e-01
1.317700000000000000e+04 7.333333333333332815e-01
1.318700000000000000e+04 6.000000000000000888e-01
1.319700000000000000e+04 5.333333333333333259e-01
1.320700000000000000e+04 3.333333333333333148e-01
1.321700000000000000e+04 6.666666666666667407e-01
1.322700000000000000e+04 2.000000000000000111e-01
1.323700000000000000e+04 5.333333333333333259e-01
1.324700000000000000e+04 3.333333333333333703e-01
1.325700000000000000e+04 2.666666666666666630e-01
1.326700000000000000e+04 2.000000000000000111e-01
1.327700000000000000e+04 4.666666666666666741e-01
1.328700000000000000e+04 4.000000000000000222e-01
1.329700000000000000e+04 2.000000000000000111e-01
1.330700000000000000e+04 4.000000000000000222e-01
1.331700000000000000e+04 1.333333333333333315e-01
1.332700000000000000e+04 4.000000000000000222e-01
1.333700000000000000e+04 2.000000000000000111e-01
1.334700000000000000e+04 6.000000000000000888e-01
1.335700000000000000e+04 4.000000000000000222e-01
1.336700000000000000e+04 4.000000000000000222e-01
1.337700000000000000e+04 4.666666666666666741e-01
1.338700000000000000e+04 1.333333333333333315e-01
1.339700000000000000e+04 6.666666666666666297e-01
1.340700000000000000e+04 2.000000000000000111e-01
1.341700000000000000e+04 2.666666666666666630e-01
1.342700000000000000e+04 1.333333333333333315e-01
1.343700000000000000e+04 2.666666666666666630e-01
1.344700000000000000e+04 3.333333333333333703e-01
1.345700000000000000e+04 2.000000000000000111e-01
1.346700000000000000e+04 1.333333333333333315e-01
1.347700000000000000e+04 4.000000000000000222e-01
1.348700000000000000e+04 2.666666666666666630e-01
1.349700000000000000e+04 4.666666666666666741e-01
1.350700000000000000e+04 2.666666666666666630e-01
1.351700000000000000e+04 4.666666666666666741e-01
1.352700000000000000e+04 4.000000000000000222e-01
1.353700000000000000e+04 3.333333333333333148e-01
1.354700000000000000e+04 4.666666666666666741e-01
1.355700000000000000e+04 2.666666666666666630e-01
1.356700000000000000e+04 2.000000000000000111e-01
1.357700000000000000e+04 2.666666666666666630e-01
1.358700000000000000e+04 5.333333333333333259e-01
1.359700000000000000e+04 6.666666666666667407e-01
1.360700000000000000e+04 4.666666666666666741e-01
1.361700000000000000e+04 1.333333333333333315e-01
1.362700000000000000e+04 1.333333333333333315e-01
1.363700000000000000e+04 2.666666666666666630e-01
1.364700000000000000e+04 2.666666666666666630e-01
1.365700000000000000e+04 2.000000000000000111e-01
1.366700000000000000e+04 2.666666666666666630e-01
1.367700000000000000e+04 3.333333333333333148e-01
1.368700000000000000e+04 3.333333333333333703e-01
1.369700000000000000e+04 1.333333333333333315e-01
1.370700000000000000e+04 4.000000000000000222e-01
1.371700000000000000e+04 3.333333333333333703e-01
1.372700000000000000e+04 2.666666666666666630e-01
1.373700000000000000e+04 0.000000000000000000e+00
1.374700000000000000e+04 2.000000000000000111e-01
1.375700000000000000e+04 2.000000000000000111e-01
1.376700000000000000e+04 2.666666666666666630e-01
1.377700000000000000e+04 3.333333333333333148e-01
1.378700000000000000e+04 2.666666666666666630e-01
1.379700000000000000e+04 5.333333333333333259e-01
1.380700000000000000e+04 3.333333333333333703e-01
1.381700000000000000e+04 3.333333333333333703e-01
1.382700000000000000e+04 4.000000000000000222e-01
1.383700000000000000e+04 3.333333333333333148e-01
1.384700000000000000e+04 1.333333333333333315e-01
1.385700000000000000e+04 2.000000000000000111e-01
1.386700000000000000e+04 2.000000000000000111e-01
1.387700000000000000e+04 6.666666666666666574e-02
1.388700000000000000e+04 1.333333333333333315e-01
1.389700000000000000e+04 1.333333333333333315e-01
1.390700000000000000e+04 2.000000000000000111e-01
1.391700000000000000e+04 3.333333333333333148e-01
1.392700000000000000e+04 2.000000000000000111e-01
1.393700000000000000e+04 5.999999999999999778e-01
1.394700000000000000e+04 1.333333333333333315e-01
1.395700000000000000e+04 1.333333333333333315e-01
1.396700000000000000e+04 1.333333333333333315e-01
1.397700000000000000e+04 2.000000000000000111e-01
1.398700000000000000e+04 2.666666666666666630e-01
1.399700000000000000e+04 0.000000000000000000e+00
1.400700000000000000e+04 2.666666666666666630e-01
1.401700000000000000e+04 6.666666666666666574e-02
1.402700000000000000e+04 1.333333333333333315e-01
1.403700000000000000e+04 2.000000000000000111e-01
1.404700000000000000e+04 1.333333333333333315e-01
1.405700000000000000e+04 1.333333333333333315e-01
1.406700000000000000e+04 1.333333333333333315e-01
1.407700000000000000e+04 1.333333333333333315e-01
1.408700000000000000e+04 6.666666666666666574e-02
1.409700000000000000e+04 1.333333333333333315e-01
1.410700000000000000e+04 6.666666666666666574e-02
1.411700000000000000e+04 1.333333333333333315e-01
1.412700000000000000e+04 6.666666666666666574e-02
1.413700000000000000e+04 5.333333333333333259e-01
1.414700000000000000e+04 1.333333333333333315e-01
1.415700000000000000e+04 1.333333333333333315e-01
1.416700000000000000e+04 1.333333333333333315e-01
1.417700000000000000e+04 0.000000000000000000e+00
1.418700000000000000e+04 1.333333333333333315e-01
1.419700000000000000e+04 3.333333333333333703e-01
1.420700000000000000e+04 2.000000000000000111e-01
1.421700000000000000e+04 3.333333333333333148e-01
1.422700000000000000e+04 4.000000000000000222e-01
1.423700000000000000e+04 3.333333333333333703e-01
1.424700000000000000e+04 6.666666666666666574e-02
1.425700000000000000e+04 6.666666666666666574e-02
1.426700000000000000e+04 0.000000000000000000e+00
1.427700000000000000e+04 2.666666666666666630e-01
1.428700000000000000e+04 6.666666666666666574e-02
1.429700000000000000e+04 0.000000000000000000e+00
1.430700000000000000e+04 6.666666666666666574e-02
1.431700000000000000e+04 2.000000000000000111e-01
1.432700000000000000e+04 2.666666666666666630e-01
1.433700000000000000e+04 1.333333333333333315e-01
1.434700000000000000e+04 2.000000000000000111e-01
1.435700000000000000e+04 3.333333333333333703e-01
1.436700000000000000e+04 1.333333333333333315e-01
1.437700000000000000e+04 0.000000000000000000e+00
1.438700000000000000e+04 6.666666666666666574e-02
1.439700000000000000e+04 1.333333333333333315e-01
1.440700000000000000e+04 1.333333333333333315e-01
1.441700000000000000e+04 0.000000000000000000e+00
1.442700000000000000e+04 2.000000000000000111e-01
1.443700000000000000e+04 2.000000000000000111e-01
1.444700000000000000e+04 2.000000000000000111e-01
1.445700000000000000e+04 2.000000000000000111e-01
1.446700000000000000e+04 6.666666666666666574e-02
1.447700000000000000e+04 1.333333333333333315e-01
1.448700000000000000e+04 0.000000000000000000e+00
1.449700000000000000e+04 6.666666666666666574e-02
1.450700000000000000e+04 0.000000000000000000e+00
1.451700000000000000e+04 6.666666666666666574e-02
1.452700000000000000e+04 6.666666666666666574e-02
1.453700000000000000e+04 6.666666666666666574e-02
1.454700000000000000e+04 6.666666666666666574e-02
1.455700000000000000e+04 6.666666666666666574e-02
1.456700000000000000e+04 2.000000000000000111e-01
1.457700000000000000e+04 2.000000000000000111e-01
1.458700000000000000e+04 2.000000000000000111e-01
1.459700000000000000e+04 6.666666666666666574e-02
1.460700000000000000e+04 0.000000000000000000e+00
1.461700000000000000e+04 6.666666666666666574e-02
1.462700000000000000e+04 6.666666666666666574e-02
1.463700000000000000e+04 2.000000000000000111e-01
1.464700000000000000e+04 0.000000000000000000e+00
1.465700000000000000e+04 1.333333333333333315e-01
1.466700000000000000e+04 0.000000000000000000e+00
1.467700000000000000e+04 6.666666666666666574e-02
1.468700000000000000e+04 6.666666666666666574e-02
1.469700000000000000e+04 3.333333333333333703e-01
1.470700000000000000e+04 6.666666666666666574e-02
1.471700000000000000e+04 0.000000000000000000e+00
1.472700000000000000e+04 0.000000000000000000e+00
1.473700000000000000e+04 1.333333333333333315e-01
1.474700000000000000e+04 6.666666666666666574e-02
1.475700000000000000e+04 0.000000000000000000e+00
1.476700000000000000e+04 0.000000000000000000e+00
1.477700000000000000e+04 6.666666666666666574e-02
1.478700000000000000e+04 1.333333333333333315e-01
1.479700000000000000e+04 6.666666666666666574e-02
1.480700000000000000e+04 1.333333333333333315e-01
1.481700000000000000e+04 0.000000000000000000e+00
1.482700000000000000e+04 0.000000000000000000e+00
1.483700000000000000e+04 1.333333333333333315e-01
1.484700000000000000e+04 0.000000000000000000e+00
1.485700000000000000e+04 1.333333333333333315e-01
1.486700000000000000e+04 2.000000000000000111e-01
1.487700000000000000e+04 2.000000000000000111e-01
1.488700000000000000e+04 0.000000000000000000e+00
1.489700000000000000e+04 0.000000000000000000e+00
1.490700000000000000e+04 1.333333333333333315e-01
1.491700000000000000e+04 0.000000000000000000e+00
1.492700000000000000e+04 6.666666666666666574e-02
1.493700000000000000e+04 6.666666666666666574e-02
1.494700000000000000e+04 0.000000000000000000e+00
1.495700000000000000e+04 0.000000000000000000e+00
1.496700000000000000e+04 1.333333333333333315e-01
1.497700000000000000e+04 0.000000000000000000e+00
1.498700000000000000e+04 0.000000000000000000e+00
1.499700000000000000e+04 0.000000000000000000e+00
1.500700000000000000e+04 0.000000000000000000e+00
1.501700000000000000e+04 0.000000000000000000e+00
1.502700000000000000e+04 6.666666666666666574e-02
1.503700000000000000e+04 6.666666666666666574e-02
1.504700000000000000e+04 0.000000000000000000e+00
1.505700000000000000e+04 0.000000000000000000e+00
1.506700000000000000e+04 1.333333333333333315e-01
1.507700000000000000e+04 0.000000000000000000e+00
1.508700000000000000e+04 2.000000000000000111e-01
1.509700000000000000e+04 0.000000000000000000e+00
1.510700000000000000e+04 0.000000000000000000e+00
1.511700000000000000e+04 0.000000000000000000e+00
1.512700000000000000e+04 6.666666666666666574e-02
1.513700000000000000e+04 6.666666666666666574e-02
1.514700000000000000e+04 0.000000000000000000e+00
1.515700000000000000e+04 6.666666666666666574e-02
1.516700000000000000e+04 0.000000000000000000e+00
1.517700000000000000e+04 0.000000000000000000e+00
1.518700000000000000e+04 0.000000000000000000e+00
1.519700000000000000e+04 1.333333333333333315e-01
1.520700000000000000e+04 6.666666666666666574e-02
1.521700000000000000e+04 6.666666666666666574e-02
1.522700000000000000e+04 6.666666666666666574e-02
1.523700000000000000e+04 6.666666666666666574e-02
1.524700000000000000e+04 0.000000000000000000e+00
1.525700000000000000e+04 0.000000000000000000e+00
1.526700000000000000e+04 6.666666666666666574e-02
1.527700000000000000e+04 0.000000000000000000e+00
1.528700000000000000e+04 0.000000000000000000e+00
1.529700000000000000e+04 0.000000000000000000e+00
1.530700000000000000e+04 0.000000000000000000e+00
1.531700000000000000e+04 0.000000000000000000e+00
1.532700000000000000e+04 0.000000000000000000e+00
1.533700000000000000e+04 0.000000000000000000e+00
1.534700000000000000e+04 0.000000000000000000e+00
1.535700000000000000e+04 6.666666666666666574e-02
1.536700000000000000e+04 0.000000000000000000e+00
1.537700000000000000e+04 6.666666666666666574e-02
1.538700000000000000e+04 6.666666666666666574e-02
1.539700000000000000e+04 0.000000000000000000e+00
1.540700000000000000e+04 0.000000000000000000e+00
1.541700000000000000e+04 6.666666666666666574e-02
1.542700000000000000e+04 6.666666666666666574e-02
1.543700000000000000e+04 0.000000000000000000e+00
1.544700000000000000e+04 6.666666666666666574e-02
1.545700000000000000e+04 0.000000000000000000e+00
1.546700000000000000e+04 0.000000000000000000e+00
1.547700000000000000e+04 2.000000000000000111e-01
1.548700000000000000e+04 6.666666666666666574e-02
1.549700000000000000e+04 6.666666666666666574e-02
1.550700000000000000e+04 6.666666666666666574e-02
1.551700000000000000e+04 6.666666666666666574e-02
1.552700000000000000e+04 0.000000000000000000e+00
1.553700000000000000e+04 6.666666666666666574e-02
1.554700000000000000e+04 0.000000000000000000e+00
1.555700000000000000e+04 0.000000000000000000e+00
1.556700000000000000e+04 0.000000000000000000e+00
1.557700000000000000e+04 6.666666666666666574e-02
1.558700000000000000e+04 6.666666666666666574e-02
1.559700000000000000e+04 0.000000000000000000e+00
1.560700000000000000e+04 0.000000000000000000e+00
1.561700000000000000e+04 0.000000000000000000e+00
1.562700000000000000e+04 0.000000000000000000e+00
1.563700000000000000e+04 0.000000000000000000e+00
1.564700000000000000e+04 0.000000000000000000e+00
1.565700000000000000e+04 6.666666666666666574e-02
1.566700000000000000e+04 0.000000000000000000e+00
1.567700000000000000e+04 0.000000000000000000e+00
1.568700000000000000e+04 0.000000000000000000e+00
1.569700000000000000e+04 0.000000000000000000e+00
1.570700000000000000e+04 0.000000000000000000e+00
1.571700000000000000e+04 0.000000000000000000e+00
1.572700000000000000e+04 0.000000000000000000e+00
1.573700000000000000e+04 0.000000000000000000e+00
1.574700000000000000e+04 0.000000000000000000e+00
1.575700000000000000e+04 6.666666666666666574e-02
1.576700000000000000e+04 0.000000000000000000e+00
1.577700000000000000e+04 0.000000000000000000e+00
1.578700000000000000e+04 6.666666666666666574e-02
1.579700000000000000e+04 6.666666666666666574e-02
1.580700000000000000e+04 2.000000000000000111e-01
1.581700000000000000e+04 0.000000000000000000e+00
1.582700000000000000e+04 0.000000000000000000e+00
1.583700000000000000e+04 0.000000000000000000e+00
1.584700000000000000e+04 1.333333333333333315e-01
1.585700000000000000e+04 0.000000000000000000e+00
1.586700000000000000e+04 0.000000000000000000e+00
1.587700000000000000e+04 0.000000000000000000e+00
1.588700000000000000e+04 0.000000000000000000e+00
1.589700000000000000e+04 0.000000000000000000e+00
1.590700000000000000e+04 6.666666666666666574e-02
1.591700000000000000e+04 0.000000000000000000e+00
1.592700000000000000e+04 1.333333333333333315e-01
1.593700000000000000e+04 0.000000000000000000e+00
1.594700000000000000e+04 2.000000000000000111e-01
1.595700000000000000e+04 0.000000000000000000e+00
1.596700000000000000e+04 0.000000000000000000e+00
1.597700000000000000e+04 6.666666666666666574e-02
1.598700000000000000e+04 0.000000000000000000e+00
1.599700000000000000e+04 0.000000000000000000e+00
1.600700000000000000e+04 0.000000000000000000e+00
1.601700000000000000e+04 0.000000000000000000e+00
1.602700000000000000e+04 0.000000000000000000e+00
1.603700000000000000e+04 0.000000000000000000e+00
1.604700000000000000e+04 0.000000000000000000e+00
1.605700000000000000e+04 0.000000000000000000e+00
1.606700000000000000e+04 6.666666666666666574e-02
1.607700000000000000e+04 0.000000000000000000e+00
1.608700000000000000e+04 6.666666666666666574e-02
1.609700000000000000e+04 2.000000000000000111e-01
1.610700000000000000e+04 6.666666666666666574e-02
1.611700000000000000e+04 0.000000000000000000e+00
1.612700000000000000e+04 6.666666666666666574e-02
1.613700000000000000e+04 0.000000000000000000e+00
1.614700000000000000e+04 6.666666666666666574e-02
1.615700000000000000e+04 0.000000000000000000e+00
1.616700000000000000e+04 0.000000000000000000e+00
1.617700000000000000e+04 0.000000000000000000e+00
1.618700000000000000e+04 0.000000000000000000e+00
1.619700000000000000e+04 0.000000000000000000e+00
1.620700000000000000e+04 0.000000000000000000e+00
1.621700000000000000e+04 6.666666666666666574e-02
1.622700000000000000e+04 0.000000000000000000e+00
1.623700000000000000e+04 0.000000000000000000e+00
1.624700000000000000e+04 0.000000000000000000e+00
1.625700000000000000e+04 0.000000000000000000e+00
1.626700000000000000e+04 0.000000000000000000e+00
1.627700000000000000e+04 1.333333333333333315e-01
1.628700000000000000e+04 6.666666666666666574e-02
1.629700000000000000e+04 6.666666666666666574e-02
1.630700000000000000e+04 0.000000000000000000e+00
1.631700000000000000e+04 6.666666666666666574e-02
1.632700000000000000e+04 1.333333333333333315e-01
1.633700000000000000e+04 0.000000000000000000e+00
1.634700000000000000e+04 0.000000000000000000e+00
1.635700000000000000e+04 0.000000000000000000e+00
1.636700000000000000e+04 0.000000000000000000e+00
1.637700000000000000e+04 0.000000000000000000e+00
1.638700000000000000e+04 6.666666666666666574e-02
1.639700000000000000e+04 0.000000000000000000e+00
1.640700000000000000e+04 0.000000000000000000e+00
1.641700000000000000e+04 6.666666666666666574e-02
1.642700000000000000e+04 6.666666666666666574e-02
1.643700000000000000e+04 6.666666666666666574e-02
1.644700000000000000e+04 0.000000000000000000e+00
1.645700000000000000e+04 0.000000000000000000e+00
1.646700000000000000e+04 6.666666666666666574e-02
1.647700000000000000e+04 6.666666666666666574e-02
1.648700000000000000e+04 0.000000000000000000e+00
1.649700000000000000e+04 0.000000000000000000e+00
1.650700000000000000e+04 0.000000000000000000e+00
1.651700000000000000e+04 6.666666666666666574e-02
1.652700000000000000e+04 0.000000000000000000e+00
1.653700000000000000e+04 0.000000000000000000e+00
1.654700000000000000e+04 1.333333333333333315e-01
1.655700000000000000e+04 0.000000000000000000e+00
1.656700000000000000e+04 0.000000000000000000e+00
1.657700000000000000e+04 0.000000000000000000e+00
1.658700000000000000e+04 0.000000000000000000e+00
1.659700000000000000e+04 0.000000000000000000e+00
1.660700000000000000e+04 0.000000000000000000e+00
1.661700000000000000e+04 0.000000000000000000e+00
1.662700000000000000e+04 0.000000000000000000e+00
1.663700000000000000e+04 0.000000000000000000e+00
1.664700000000000000e+04 0.000000000000000000e+00
1.665700000000000000e+04 0.000000000000000000e+00
1.666700000000000000e+04 6.666666666666666574e-02
1.667700000000000000e+04 0.000000000000000000e+00
1.668700000000000000e+04 1.333333333333333315e-01
1.669700000000000000e+04 0.000000000000000000e+00
1.670700000000000000e+04 0.000000000000000000e+00
1.671700000000000000e+04 0.000000000000000000e+00
1.672700000000000000e+04 1.333333333333333315e-01
1.673700000000000000e+04 0.000000000000000000e+00
1.674700000000000000e+04 0.000000000000000000e+00
1.675700000000000000e+04 0.000000000000000000e+00
1.676700000000000000e+04 0.000000000000000000e+00
1.677700000000000000e+04 0.000000000000000000e+00
1.678700000000000000e+04 0.000000000000000000e+00
1.679700000000000000e+04 0.000000000000000000e+00
1.680700000000000000e+04 0.000000000000000000e+00
1.681700000000000000e+04 6.666666666666666574e-02
1.682700000000000000e+04 0.000000000000000000e+00
1.683700000000000000e+04 6.666666666666666574e-02
1.684700000000000000e+04 6.666666666666666574e-02
1.685700000000000000e+04 0.000000000000000000e+00
1.686700000000000000e+04 0.000000000000000000e+00
1.687700000000000000e+04 0.000000000000000000e+00
1.688700000000000000e+04 0.000000000000000000e+00
1.689700000000000000e+04 0.000000000000000000e+00
1.690700000000000000e+04 0.000000000000000000e+00
1.691700000000000000e+04 0.000000000000000000e+00
1.692700000000000000e+04 6.666666666666666574e-02
1.693700000000000000e+04 0.000000000000000000e+00
1.694700000000000000e+04 0.000000000000000000e+00
1.695700000000000000e+04 6.666666666666666574e-02
1.696700000000000000e+04 6.666666666666666574e-02
1.697700000000000000e+04 0.000000000000000000e+00
1.698700000000000000e+04 0.000000000000000000e+00
1.699700000000000000e+04 0.000000000000000000e+00
1.700700000000000000e+04 0.000000000000000000e+00
1.701700000000000000e+04 0.000000000000000000e+00
1.702700000000000000e+04 0.000000000000000000e+00
1.703700000000000000e+04 0.000000000000000000e+00
1.704700000000000000e+04 0.000000000000000000e+00
1.705700000000000000e+04 0.000000000000000000e+00
1.706700000000000000e+04 6.666666666666666574e-02
1.707700000000000000e+04 6.666666666666666574e-02
1.708700000000000000e+04 0.000000000000000000e+00
1.709700000000000000e+04 0.000000000000000000e+00
1.710700000000000000e+04 6.666666666666666574e-02
1.711700000000000000e+04 0.000000000000000000e+00
1.712700000000000000e+04 0.000000000000000000e+00
1.713700000000000000e+04 0.000000000000000000e+00
1.714700000000000000e+04 0.000000000000000000e+00
1.715700000000000000e+04 0.000000000000000000e+00
1.716700000000000000e+04 0.000000000000000000e+00
1.717700000000000000e+04 0.000000000000000000e+00
1.718700000000000000e+04 0.000000000000000000e+00
1.719700000000000000e+04 0.000000000000000000e+00
1.720700000000000000e+04 0.000000000000000000e+00
1.721700000000000000e+04 0.000000000000000000e+00
1.722700000000000000e+04 0.000000000000000000e+00
1.723700000000000000e+04 0.000000000000000000e+00
1.724700000000000000e+04 0.000000000000000000e+00
1.725700000000000000e+04 0.000000000000000000e+00
1.726700000000000000e+04 0.000000000000000000e+00
1.727700000000000000e+04 0.000000000000000000e+00
1.728700000000000000e+04 0.000000000000000000e+00
1.729700000000000000e+04 0.000000000000000000e+00
1.730700000000000000e+04 1.333333333333333315e-01
1.731700000000000000e+04 0.000000000000000000e+00
1.732700000000000000e+04 0.000000000000000000e+00
1.733700000000000000e+04 0.000000000000000000e+00
1.734700000000000000e+04 0.000000000000000000e+00
1.735700000000000000e+04 0.000000000000000000e+00
1.736700000000000000e+04 0.000000000000000000e+00
1.737700000000000000e+04 0.000000000000000000e+00
1.738700000000000000e+04 0.000000000000000000e+00
1.739700000000000000e+04 0.000000000000000000e+00
1.740700000000000000e+04 0.000000000000000000e+00
1.741700000000000000e+04 0.000000000000000000e+00
1.742700000000000000e+04 0.000000000000000000e+00
1.743700000000000000e+04 0.000000000000000000e+00
1.744700000000000000e+04 6.666666666666666574e-02
1.745700000000000000e+04 0.000000000000000000e+00
1.746700000000000000e+04 0.000000000000000000e+00
1.747700000000000000e+04 0.000000000000000000e+00
1.748700000000000000e+04 0.000000000000000000e+00
1.749700000000000000e+04 0.000000000000000000e+00
1.750700000000000000e+04 0.000000000000000000e+00
1.751700000000000000e+04 0.000000000000000000e+00
1.752700000000000000e+04 0.000000000000000000e+00
1.753700000000000000e+04 0.000000000000000000e+00
1.754700000000000000e+04 0.000000000000000000e+00
1.755700000000000000e+04 0.000000000000000000e+00
1.756700000000000000e+04 0.000000000000000000e+00
1.757700000000000000e+04 0.000000000000000000e+00
1.758700000000000000e+04 0.000000000000000000e+00
1.759700000000000000e+04 0.000000000000000000e+00
1.760700000000000000e+04 0.000000000000000000e+00
1.761700000000000000e+04 0.000000000000000000e+00
1.762700000000000000e+04 0.000000000000000000e+00
1.763700000000000000e+04 0.000000000000000000e+00
1.764700000000000000e+04 0.000000000000000000e+00
1.765700000000000000e+04 0.000000000000000000e+00
1.766700000000000000e+04 0.000000000000000000e+00
1.767700000000000000e+04 0.000000000000000000e+00
1.768700000000000000e+04 0.000000000000000000e+00
1.769700000000000000e+04 0.000000000000000000e+00
1.770700000000000000e+04 0.000000000000000000e+00
1.771700000000000000e+04 0.000000000000000000e+00
1.772700000000000000e+04 0.000000000000000000e+00
1.773700000000000000e+04 0.000000000000000000e+00
1.774700000000000000e+04 0.000000000000000000e+00
1.775700000000000000e+04 0.000000000000000000e+00
1.776700000000000000e+04 6.666666666666666574e-02
1.777700000000000000e+04 0.000000000000000000e+00
1.778700000000000000e+04 0.000000000000000000e+00
1.779700000000000000e+04 0.000000000000000000e+00
1.780700000000000000e+04 0.000000000000000000e+00
1.781700000000000000e+04 0.000000000000000000e+00
1.782700000000000000e+04 0.000000000000000000e+00
1.783700000000000000e+04 0.000000000000000000e+00
1.784700000000000000e+04 0.000000000000000000e+00
1.785700000000000000e+04 0.000000000000000000e+00
1.786700000000000000e+04 0.000000000000000000e+00
1.787700000000000000e+04 0.000000000000000000e+00
1.788700000000000000e+04 0.000000000000000000e+00
1.789700000000000000e+04 0.000000000000000000e+00
1.790700000000000000e+04 0.000000000000000000e+00
1.791700000000000000e+04 0.000000000000000000e+00
1.792700000000000000e+04 0.000000000000000000e+00
1.793700000000000000e+04 0.000000000000000000e+00
1.794700000000000000e+04 0.000000000000000000e+00
1.795700000000000000e+04 0.000000000000000000e+00
1.796700000000000000e+04 0.000000000000000000e+00
1.797700000000000000e+04 0.000000000000000000e+00
1.798700000000000000e+04 0.000000000000000000e+00
1.799700000000000000e+04 0.000000000000000000e+00
1.800700000000000000e+04 0.000000000000000000e+00
1.801700000000000000e+04 0.000000000000000000e+00
1.802700000000000000e+04 0.000000000000000000e+00
1.803700000000000000e+04 0.000000000000000000e+00
1.804700000000000000e+04 0.000000000000000000e+00
1.805700000000000000e+04 0.000000000000000000e+00
1.806700000000000000e+04 0.000000000000000000e+00
1.807700000000000000e+04 0.000000000000000000e+00
1.808700000000000000e+04 0.000000000000000000e+00
1.809700000000000000e+04 0.000000000000000000e+00
1.810700000000000000e+04 0.000000000000000000e+00
1.811700000000000000e+04 0.000000000000000000e+00
1.812700000000000000e+04 0.000000000000000000e+00
1.813700000000000000e+04 0.000000000000000000e+00
1.814700000000000000e+04 0.000000000000000000e+00
1.815700000000000000e+04 0.000000000000000000e+00
1.816700000000000000e+04 0.000000000000000000e+00
1.817700000000000000e+04 0.000000000000000000e+00
1.818700000000000000e+04 0.000000000000000000e+00
1.819700000000000000e+04 0.000000000000000000e+00
1.820700000000000000e+04 0.000000000000000000e+00
1.821700000000000000e+04 0.000000000000000000e+00
1.822700000000000000e+04 0.000000000000000000e+00
1.823700000000000000e+04 0.000000000000000000e+00
1.824700000000000000e+04 0.000000000000000000e+00
1.825700000000000000e+04 0.000000000000000000e+00
1.826700000000000000e+04 0.000000000000000000e+00
1.827700000000000000e+04 0.000000000000000000e+00
1.828700000000000000e+04 0.000000000000000000e+00
1.829700000000000000e+04 6.666666666666666574e-02
1.830700000000000000e+04 0.000000000000000000e+00
1.831700000000000000e+04 0.000000000000000000e+00
1.832700000000000000e+04 0.000000000000000000e+00
1.833700000000000000e+04 0.000000000000000000e+00
1.834700000000000000e+04 0.000000000000000000e+00
1.835700000000000000e+04 0.000000000000000000e+00
1.836700000000000000e+04 0.000000000000000000e+00
1.837700000000000000e+04 0.000000000000000000e+00
1.838700000000000000e+04 0.000000000000000000e+00
1.839700000000000000e+04 0.000000000000000000e+00
1.840700000000000000e+04 0.000000000000000000e+00
1.841700000000000000e+04 0.000000000000000000e+00
1.842700000000000000e+04 0.000000000000000000e+00
1.843700000000000000e+04 0.000000000000000000e+00
1.844700000000000000e+04 0.000000000000000000e+00
1.845700000000000000e+04 0.000000000000000000e+00
1.846700000000000000e+04 0.000000000000000000e+00
1.847700000000000000e+04 0.000000000000000000e+00
1.848700000000000000e+04 0.000000000000000000e+00
1.849700000000000000e+04 0.000000000000000000e+00
1.850700000000000000e+04 0.000000000000000000e+00
1.851700000000000000e+04 0.000000000000000000e+00
1.852700000000000000e+04 0.000000000000000000e+00
1.853700000000000000e+04 0.000000000000000000e+00
1.854700000000000000e+04 0.000000000000000000e+00
1.855700000000000000e+04 0.000000000000000000e+00
1.856700000000000000e+04 0.000000000000000000e+00
1.857700000000000000e+04 0.000000000000000000e+00
1.858700000000000000e+04 0.000000000000000000e+00
1.859700000000000000e+04 0.000000000000000000e+00
1.860700000000000000e+04 0.000000000000000000e+00
1.861700000000000000e+04 0.000000000000000000e+00
1.862700000000000000e+04 0.000000000000000000e+00
1.863700000000000000e+04 0.000000000000000000e+00
1.864700000000000000e+04 0.000000000000000000e+00
1.865700000000000000e+04 0.000000000000000000e+00
1.866700000000000000e+04 0.000000000000000000e+00
1.867700000000000000e+04 0.000000000000000000e+00
1.868700000000000000e+04 0.000000000000000000e+00
1.869700000000000000e+04 0.000000000000000000e+00
1.870700000000000000e+04 0.000000000000000000e+00
1.871700000000000000e+04 0.000000000000000000e+00
1.872700000000000000e+04 0.000000000000000000e+00
1.873700000000000000e+04 0.000000000000000000e+00
1.874700000000000000e+04 0.000000000000000000e+00
1.875700000000000000e+04 0.000000000000000000e+00
1.876700000000000000e+04 0.000000000000000000e+00
1.877700000000000000e+04 0.000000000000000000e+00
1.878700000000000000e+04 0.000000000000000000e+00
1.879700000000000000e+04 0.000000000000000000e+00
1.880700000000000000e+04 0.000000000000000000e+00
1.881700000000000000e+04 0.000000000000000000e+00
1.882700000000000000e+04 0.000000000000000000e+00
1.883700000000000000e+04 0.000000000000000000e+00
1.884700000000000000e+04 6.666666666666666574e-02
1.885700000000000000e+04 0.000000000000000000e+00
1.886700000000000000e+04 6.666666666666666574e-02
1.887700000000000000e+04 0.000000000000000000e+00
1.888700000000000000e+04 0.000000000000000000e+00
1.889700000000000000e+04 0.000000000000000000e+00
1.890700000000000000e+04 0.000000000000000000e+00
1.891700000000000000e+04 0.000000000000000000e+00
1.892700000000000000e+04 0.000000000000000000e+00
1.893700000000000000e+04 0.000000000000000000e+00
1.894700000000000000e+04 0.000000000000000000e+00
1.895700000000000000e+04 0.000000000000000000e+00
1.896700000000000000e+04 0.000000000000000000e+00
1.897700000000000000e+04 0.000000000000000000e+00
1.898700000000000000e+04 0.000000000000000000e+00
1.899700000000000000e+04 0.000000000000000000e+00
1.900700000000000000e+04 0.000000000000000000e+00
1.901700000000000000e+04 0.000000000000000000e+00
1.902700000000000000e+04 0.000000000000000000e+00
1.903700000000000000e+04 0.000000000000000000e+00
1.904700000000000000e+04 0.000000000000000000e+00
1.905700000000000000e+04 0.000000000000000000e+00
1.906700000000000000e+04 0.000000000000000000e+00
1.907700000000000000e+04 0.000000000000000000e+00
1.908700000000000000e+04 0.000000000000000000e+00
1.909700000000000000e+04 0.000000000000000000e+00
1.910700000000000000e+04 0.000000000000000000e+00
1.911700000000000000e+04 0.000000000000000000e+00
1.912700000000000000e+04 0.000000000000000000e+00
1.913700000000000000e+04 6.666666666666666574e-02
1.914700000000000000e+04 0.000000000000000000e+00
